CH = [0	1.65
0.042	1.65
0.083	1.65
0.125	1.65
0.167	1.65
0.209	1.65
0.25	1.65 
0.292	1.648422562
0.334	1.646056405
0.375	1.64290153
0.417	1.634225621
0.459	1.622394837
0.501	1.60583174
0.542	1.58374761
0.584	1.557719885
0.626	1.531692161
0.667	1.505664436
0.709	1.485946463
0.751	1.456763862
0.793	1.419694073
0.834	1.374737094
0.876	1.321104207
0.918	1.264316444
0.959	1.207528681
1.001	1.179923518
1.043	1.133389101
1.084	1.079756214
1.126	1.019813576
1.168	0.954349904
1.21	0.887308795
1.251	0.81790153
1.293	0.747705545
1.335	0.679875717
1.376	0.613623327
1.418	0.549737094
1.46	0.489794455
1.502	0.431429254
1.543	0.377796367
1.585	0.327318356
1.627	0.282361377
1.668	0.239770554
1.71	0.201912046
1.752	0.164053537
1.794	0.126195029
1.835	0.123040153
1.877	0.107265774
1.919	0.093857553
1.96	0.076505736
2.002	0.062308795
2.044	0.049689293
2.086	0.037858509
2.127	0.029971319
2.169	0.02208413
2.211	0.014196941
2.252	0.009464627
2.294	0.003943595
2.336	0
2.378	0
2.419	0
2.461	0
2.503	0
2.544	0
2.586	0
2.628	0
2.67	0
2.711	0
2.753	0
2.795	0
2.836	0
2.878	0
2.92	0
2.961	0
3.003	0
3.045	0
3.087	0
3.128	0
3.17	0
3.212	0
3.253	0
3.295	0
3.337	0
3.379	0
3.42	0
3.462	0
3.504	0
3.545	0
3.587	0
3.629	0
3.671	0
3.712	0
3.754	0
3.796	0
3.837	0
3.879	0
3.921	0
3.963	0
4.004	0
4.046	0
4.088	0
4.129	0
4.171	0
4.213	0
4.255	0
4.296	0
4.338	0
4.38	0
4.421	0
4.463	0
4.505	0
4.546	0
4.588	0
4.63	0
4.672	0
4.713	0
4.755	0
4.797	0
4.838	0
4.88	0
4.922	0
4.964	0
5.005	0];

S2 = [1.5
2.36
1.89
2.56
2.59
2.27
1.08
2.09
1.89
2.5
2.35
1.55
1.68
2.37
1.63
2.03
2.47
1.99
1.95
2.27
1.83
1.86
1.98
2.8
2.08
1.66
1.79
3.07
1.39
1.43
1.5
1.94
1.68
2.26
1.9
1.69
1.44
2.89
2.13
1.55
1.5
1.62
1.87
1.63
1.7
2.29
1.5
2.3
1.94
1.73
1.96
1.64
1.55
2.27
2.46
1.61
1.7
1.91
2.56
1.41
1.02
1.5
1.79
1.95
2.31
1.86
1.77
1.8
1.85
2.21
1.74
1.46
1.65
1.85
1.97
2
1.93
1.61
2.09
2.19
2.59
2.21
1.64
1.82
2.16
2.39
1.99
2.17
1.92
1.3
2.09
2.41
2.29
2.64
2.18
1.93
1.86
2.42
2.02
2.04
1.58
1.96
2.37
2.13
1.86
2.08
1.93
2.35
2.26
2.17
2.46
2.43
2.03
2.02
1.85
1.92
2.56
2.67
2.2
2.09
2.15
1.98
1.86
2.03
1.9
2.6
2.29
2.32
2.39
2.07
2.34
2.55
2.03
2.38
2.67
2.22
2.03
1.86
2.64
2.39
2.09
2.68
2.66
1.9
2.42
3.03
2
2.25
2.97
2.12
3.08
2.79
2.63
2.55
2.22
2.32
2
2.18
1.78
1.58
2.09
1.84
1.62
1.84
2.08
2.11
2.11
1.64
1.63
1.51
1.78
1.8
1.56
1.69
2.22
1.62
2.06
2.13
2.11
2.18
1.89
2.15
2.04
1.59
1.54
1.73
1.89
2.07
2.12
1.75
1.64
1.91
2.44
1.8
1.66
2.32
2.29
2.1
1.64
1.81
1.7
1.87
1.44
1.8
1.78
2.23
1.9
2.54
1.64
1.47
2.19
2.69
2.15
1.88
2.36
1.72
2.31
2.49
1.92
1.71
1.9
2.48
2.23
1.81
2.16
2.08
2.21
1.71
1.82
2.2
1.67
2.26
1.82
2.64
1.61
1.63
2.07
1.82
2.03
1.69
1.43
2.19
2.91
2.25
1.66
1.45];

S3 = [2.98
2.82
1.84
2.04
1.56
1.56
1.2
1.18
2.06
2.27
2.54
2.09
1.63
1.91
1.96
2.09
2.39
2.17
1.98
1.69
2.47
1.87
2.03
1.5
2.73
1.65
2.05
2.21
2.38
3.07
2.93
2.67
3.83
2.95
3.3
2.82
2.49
2.62
2.09
3.02
2.94
3.25
2.43
1.92
3.22
2.86
2.74
3.09
3.19
1.73
1.94
2.14
2.91
2.85
2.8
2.37
2.42
2.68
2.01
1.9
2.14];

S4 = [2.99
2.94
1.99
2.77
2.86
2.54
2.76
2.16
2.07
1.68
1.88
2.35
2.7
2.12
1.71
2.66
1.75
2.1
2.59
2.45
2
2.31
2.13
2.2
2.21
2.06
1.91
1.79
2.08
1.57
2.3
2.26
1.87
2.46
2.18
2.71
2.12
2.15
2.2
1.98
2.32
2
2.36
2.31
2.77
2.69
2.22
2.52
2.3
2.45
1.93
2.5
2.3
2.17
2.02
2.27
2.31
2.24
2.2
1.93
2.84
2.29
2.3
2.05
1.8
2.22
1.48
2.44
2.58
2.52
2.29
2.36
2.43
2.24
2.14
2.57
2.38
2.44
2.87
2.26
2.18
2.24
2.27
2.32
3.07
2.18
2.51
3.09
3.03
2.98
2.8
2.76
3.08
2.78
3.55
2.78
3.79
3.07
2.98
2.91
3.01
2.82
3.2
3.1
3.06
2.86
3.26
3.26
3.13
2.49
2.07
2.88
2.38
1.89
2.35
2.56
2.4
2.35
2.2
2.38
1.9
2.32
2.32
2.66
2.37
2.7
2.73
2.85
2.72
2.68
2.72
2.39
2.7
2.79
2.08
3.08
2.54
2.13
2.39
2.35
2.72
2.53
2.78
2.51
2.76
2.28
2.51
2.77
2.72
2.79];

S5 = [
3.14
2.87
2.61
2.73
3.72
3.14
2.2
3.62
2.98
2.47
3.38
2.99
3.26
2.78
3.17
2.61
3.03
2.81
2.39
2.56
3.03
3.68
2.54
3.03
3.19
3.35
2.92
2.97
2.69
3.1
3.07
2.48
3.29
3.22
2.42
3.12
2.45
2.59
2.81
2.26
3.06
3.02
2.6
2.46
2.83
2.5
2.81
2.34
2.28
2.28
2.39
2.36
2.71
2.82
2.54
2.59
2.42
2.47
2.56
2.57
2.73
2.55
2.58
2.95
2.69
2.8
2.81
2.87
2.36
2.76
2.35
2.37
3.15
2.71
2.77
3.36
3.03
2.69
2.35
2.48
3.08
2.74
2.62
2.9
2.74
3.08
2.59
2.47
2.86
2.93
2.7
2.89
2.33
2.88
2.46
2.57
3.09
2.73
2.73
2.93
2.99
2.74
2.6
2.53
2.2
2.17
2.6
2.62
2.36
2.72
3.09
2.78
3.08
3.25
2.07
2.75
2.78
2.44
2.19
2.97
3.03
3.04
2.9
2.83
3.01
2.7
2.97
2.45
3.5
3.42
2.93
2.95
3.07
3.03
3.01
2.88
2.53
2.39
2.8
2.69
2.87
2.54
3.01
2.79
3.15
2.34
2.95
2.68
3.11
2.29
3.16
3.04
3.03
2.03
1.85
2.8
2.61
2.23
2.65
2.82
2.51
2.61
2.74
2.14
2.41
1.73
2.24
2.19
2.23
2.11
3.52
3.14
2.62
2.89
2.63
2.86
3.36
2.62
3.26
2.92
2.39
3.66
2.85
3.15
2.59
2.82
3.01
3.22
2.87
3.18
2.13
2.86
2.34
3.17
2.88
2.68
2.69
3.2
2.36
2.72
2.16
2.17
2.77
2.28
2.21
2.68
3.25
2.07
2.94
2.84
3.14
3.07
2.69];

S6 = [2.89
2.86
2.74
2.47
3.1
2.76
3.24
2.72
3.18
2.92
3.28
2.99
2.6
2.61
2.73
2.63
2.71
2.52
2.32
2.4
2.97
3.13
2.8
2.45
2.15
2.39
2.46
2.67
2.92
1.83
2.77
2.23
2.88
2.39
2.47
2.96
2.87
2.61
2.91
2.81
2.33
2.39
2.04
2.25
2.22
1.78
2.73
2.26
2.45
2.12
2.33
2.3
2.36
2.68
2.48
2.28
2.13
2.11
2.25
2.3
2.27
2.43
2.44
2.06
2.19
2.33
2.43
2.28
2.42
2.72
3.5
2.68
2.59
2.71
3.08
3.1
3.82
3.24
2.41
3.25
2.45
3.5
2.96
3.47
3.14
3.4
3.06
3.36
2.92
2.92
2.83
2.61
3.06
2.94
2.95
2.83
3
3.04
2.46
2.62
2.48
2.93
3.06
2.36
2.62
2.82
2.54
2.21
3.09
2.23
2.41
2.93
3.15
2.2
1.96];

S5to8 = [
1.4
1.44
1.46
1.62
1.73
1.78
1.78
1.79
1.82
1.83
1.85
1.86
1.92
1.96
1.98
2.01
2.03
2.03
2.04
2.06
2.07
2.07
2.07
2.08
2.11
2.11
2.11
2.12
2.12
2.13
2.13
2.13
2.14
2.15
2.15
2.16
2.16
2.16
2.16
2.17
2.17
2.17
2.18
2.19
2.19
2.19
2.19
2.2
2.2
2.2
2.2
2.21
2.21
2.21
2.21
2.22
2.23
2.23
2.23
2.23
2.23
2.24
2.25
2.25
2.25
2.26
2.26
2.26
2.26
2.27
2.28
2.28
2.28
2.28
2.28
2.28
2.28
2.29
2.3
2.3
2.3
2.32
2.33
2.33
2.33
2.33
2.33
2.33
2.33
2.33
2.34
2.34
2.34
2.34
2.35
2.35
2.36
2.36
2.36
2.36
2.36
2.36
2.36
2.36
2.37
2.37
2.37
2.39
2.39
2.39
2.39
2.39
2.39
2.39
2.39
2.39
2.4
2.4
2.4
2.4
2.41
2.41
2.41
2.41
2.41
2.41
2.42
2.42
2.42
2.42
2.43
2.43
2.43
2.43
2.44
2.44
2.44
2.45
2.45
2.45
2.45
2.45
2.45
2.45
2.45
2.46
2.46
2.46
2.46
2.46
2.46
2.46
2.46
2.47
2.47
2.47
2.47
2.47
2.47
2.48
2.48
2.48
2.48
2.48
2.49
2.5
2.5
2.5
2.5
2.51
2.51
2.51
2.52
2.52
2.52
2.53
2.53
2.53
2.54
2.54
2.54
2.54
2.54
2.54
2.54
2.54
2.55
2.55
2.56
2.56
2.56
2.56
2.57
2.57
2.57
2.57
2.57
2.57
2.58
2.58
2.59
2.59
2.59
2.59
2.59
2.59
2.59
2.6
2.6
2.6
2.6
2.6
2.61
2.61
2.61
2.61
2.61
2.61
2.61
2.61
2.62
2.62
2.62
2.62
2.62
2.62
2.62
2.62
2.63
2.63
2.63
2.64
2.64
2.64
2.64
2.64
2.65
2.65
2.65
2.65
2.65
2.66
2.66
2.66
2.67
2.67
2.68
2.68
2.68
2.68
2.68
2.68
2.68
2.68
2.68
2.69
2.69
2.69
2.69
2.69
2.69
2.69
2.69
2.69
2.69
2.7
2.7
2.7
2.7
2.7
2.71
2.71
2.71
2.71
2.71
2.72
2.72
2.72
2.72
2.72
2.73
2.73
2.73
2.73
2.73
2.73
2.73
2.74
2.74
2.74
2.74
2.74
2.74
2.75
2.75
2.76
2.76
2.76
2.76
2.76
2.76
2.77
2.77
2.77
2.77
2.77
2.77
2.77
2.77
2.77
2.78
2.78
2.78
2.78
2.78
2.79
2.79
2.8
2.8
2.8
2.8
2.8
2.81
2.81
2.81
2.81
2.81
2.81
2.82
2.82
2.82
2.82
2.82
2.83
2.83
2.83
2.83
2.83
2.84
2.84
2.84
2.85
2.85
2.85
2.86
2.86
2.86
2.86
2.86
2.86
2.87
2.87
2.87
2.87
2.87
2.87
2.87
2.87
2.88
2.88
2.88
2.88
2.88
2.88
2.89
2.89
2.89
2.89
2.89
2.9
2.9
2.91
2.91
2.91
2.91
2.91
2.92
2.92
2.92
2.92
2.92
2.92
2.92
2.93
2.93
2.93
2.93
2.93
2.93
2.93
2.93
2.93
2.94
2.94
2.95
2.95
2.95
2.95
2.95
2.96
2.96
2.96
2.97
2.97
2.97
2.97
2.97
2.98
2.98
2.98
2.98
2.99
2.99
2.99
2.99
2.99
3
3.01
3.01
3.01
3.01
3.02
3.02
3.03
3.03
3.03
3.03
3.03
3.03
3.03
3.03
3.04
3.04
3.04
3.04
3.05
3.05
3.06
3.06
3.06
3.06
3.06
3.07
3.07
3.07
3.07
3.07
3.07
3.08
3.08
3.08
3.08
3.09
3.09
3.09
3.09
3.1
3.1
3.1
3.1
3.11
3.12
3.12
3.12
3.13
3.13
3.14
3.14
3.14
3.14
3.14
3.14
3.14
3.15
3.15
3.15
3.15
3.15
3.16
3.16
3.17
3.17
3.17
3.17
3.18
3.18
3.19
3.2
3.2
3.21
3.22
3.22
3.24
3.24
3.25
3.25
3.25
3.25
3.25
3.25
3.26
3.26
3.27
3.28
3.29
3.32
3.33
3.33
3.35
3.35
3.36
3.36
3.36
3.38
3.38
3.38
3.38
3.4
3.42
3.47
3.5
3.5
3.5
3.52
3.57
3.62
3.62
3.66
3.67
3.68
3.68
3.72
3.82
3.93];  

